CalibratedX,CalibratedY,CalibratedZ
-21.973333333333336,-11.24,30.733333333333334
-21.94666666666667,-11.253333333333334,30.693333333333335
-21.94666666666667,-11.24,30.693333333333335
-21.94666666666667,-11.280000000000001,30.706666666666667
-21.933333333333334,-11.293333333333335,30.666666666666668
-21.933333333333334,-11.293333333333335,30.666666666666668
-21.933333333333334,-11.253333333333334,30.733333333333334
-21.92,-11.24,30.706666666666667
-21.90666666666667,-11.213333333333335,30.733333333333334
-21.90666666666667,-11.24,30.733333333333334
